1.479999999999999979e-03
1.740000000000000010e-03
1.629999999999999939e-03
1.760000000000000063e-03
2.099999999999999870e-03
1.860000000000000108e-03
2.500000000000000052e-03
2.220000000000000185e-03
2.340000000000000066e-03
2.399999999999999790e-03
2.569999999999999802e-03
2.959999999999999958e-03
3.579999999999999849e-03
2.720000000000000195e-03
2.820000000000000024e-03
4.230000000000000253e-03
2.520000000000000104e-03
3.640000000000000006e-03
4.629999999999999567e-03
2.809999999999999998e-03
3.150000000000000022e-03
3.000000000000000062e-03
3.099999999999999891e-03
4.950000000000000407e-03
2.919999999999999853e-03
3.030000000000000141e-03
2.779999999999999919e-03
3.350000000000000113e-03
3.089999999999999865e-03
3.399999999999999811e-03
2.759999999999999867e-03
2.840000000000000076e-03
3.150000000000000022e-03
3.229999999999999798e-03
3.449999999999999942e-03
2.919999999999999853e-03
3.279999999999999930e-03
2.929999999999999879e-03
2.769999999999999893e-03
2.680000000000000090e-03
4.570000000000000277e-03
3.939999999999999926e-03
2.809999999999999998e-03
3.530000000000000152e-03
3.200000000000000153e-03
2.890000000000000208e-03
2.969999999999999984e-03
3.119999999999999944e-03
3.190000000000000127e-03
3.409999999999999837e-03
