4.018999999999999656e-02
7.005999999999999728e-02
1.032600000000000046e-01
1.376199999999999923e-01
1.761699999999999933e-01
2.131699999999999984e-01
2.611499999999999932e-01
3.884299999999999975e-01
4.869600000000000040e-01
5.376400000000000068e-01
5.831399999999999917e-01
6.098299999999999832e-01
6.300000000000000044e-01
7.481400000000000272e-01
7.391199999999999992e-01
8.290399999999999991e-01
8.305799999999999850e-01
9.001200000000000312e-01
9.481199999999999628e-01
1.001470000000000082e+00
1.022499999999999964e+00
1.072170000000000067e+00
1.164060000000000095e+00
1.248599999999999932e+00
1.279190000000000049e+00
1.347820000000000018e+00
1.333879999999999955e+00
1.398349999999999982e+00
1.427440000000000042e+00
1.502459999999999907e+00
1.530140000000000056e+00
1.576500000000000012e+00
1.572140000000000093e+00
1.466099999999999959e+00
1.550349999999999895e+00
1.567239999999999966e+00
1.590470000000000050e+00
1.587509999999999977e+00
1.659869999999999957e+00
1.689489999999999936e+00
1.815909999999999913e+00
1.708869999999999889e+00
1.870910000000000073e+00
1.872700000000000031e+00
1.890109999999999957e+00
1.770999999999999908e+00
1.901899999999999924e+00
2.282649999999999846e+00
2.214039999999999786e+00
2.113100000000000200e+00
